/*--------------------------------*- C++ -*----------------------------------*\
  =========                 |
  \\      /  F ield         | OpenFOAM: The Open Source CFD Toolbox
   \\    /   O peration     | Website:  https://openfoam.org
    \\  /    A nd           | Version:  8
     \\/     M anipulation  |
\*---------------------------------------------------------------------------*/
FoamFile
{
    version     2.0;
    format      ascii;
    class       faceSet;
    location    "constant/polyMesh/sets";
    object      nonOrthoFaces;
}
// * * * * * * * * * * * * * * * * * * * * * * * * * * * * * * * * * * * * * //


699
(
36880 
36885 
57375 
57376 
57379 
57381 
94248 
94250 
94253 
94258 
36960 
36964 
36968 
110700 
110701 
110705 
110708 
69759 
118916 
118918 
69768 
82104 
82105 
196794 
217276 
196796 
196797 
82110 
196799 
82112 
217283 
110805 
110807 
217306 
110812 
217316 
45288 
45290 
45291 
217326 
45294 
184559 
184561 
258298 
28924 
258302 
28929 
106765 
106770 
78099 
106772 
78109 
4387 
106791 
225576 
4392 
225578 
225580 
106796 
225584 
37199 
37201 
172401 
168306 
168308 
168311 
172408 
168316 
65925 
65926 
65930 
65931 
192914 
192915 
25006 
217519 
25009 
217523 
90573 
90582 
74202 
74204 
74206 
74208 
213539 
213542 
8743 
8747 
29232 
29240 
258700 
258703 
25235 
25236 
58027 
262830 
58031 
262835 
115390 
115391 
115392 
115393 
66281 
66282 
205585 
205586 
205587 
205588 
90923 
90926 
41775 
119601 
119603 
119605 
41784 
119609 
37714 
37720 
254844 
254849 
258955 
168843 
258958 
168849 
86940 
86942 
86944 
86948 
66472 
66476 
50104 
50107 
78792 
78800 
259030 
259034 
25570 
25571 
25574 
25575 
95209 
95210 
95211 
95212 
9216 
209923 
209927 
9226 
9233 
9237 
193562 
193563 
66587 
66590 
46110 
46118 
91180 
91184 
70720 
70725 
78966 
50300 
78973 
140414 
50302 
140416 
38035 
38036 
38041 
91311 
91320 
62651 
62654 
54478 
54483 
128226 
128228 
128231 
128234 
103662 
103670 
210173 
210174 
1279 
1285 
173376 
238933 
238938 
42346 
42350 
238987 
238992 
157076 
157078 
26019 
169382 
169385 
17834 
26027 
17836 
173489 
161201 
21938 
173493 
161205 
140726 
189880 
140730 
189884 
173502 
103877 
173510 
103880 
42447 
169430 
169432 
42457 
120318 
120325 
42519 
42529 
95801 
95803 
87682 
87685 
87686 
38538 
38546 
243351 
243352 
243355 
243357 
108190 
243360 
243362 
243363 
108195 
243366 
243369 
243371 
243373 
243376 
243379 
243380 
194228 
243382 
243383 
194232 
243387 
243389 
243391 
243394 
198339 
157383 
157385 
198346 
157386 
157388 
67338 
67340 
67342 
67345 
22317 
50990 
22318 
50993 
22324 
202549 
202550 
202551 
202552 
22328 
194363 
157500 
194366 
157508 
34629 
177991 
34631 
177992 
194378 
177995 
34635 
177996 
194381 
18254 
34640 
18257 
259948 
259952 
42864 
42873 
178042 
178047 
42914 
186275 
161699 
186277 
161702 
42918 
6057 
6065 
149445 
169926 
149446 
149449 
149450 
190411 
169934 
190415 
190417 
202712 
202713 
18393 
67556 
18404 
26597 
67558 
26599 
38902 
38906 
14330 
14334 
96264 
96265 
96269 
96271 
145428 
145430 
145432 
145435 
67622 
67625 
79914 
79916 
79918 
79922 
108617 
108619 
206930 
206933 
10325 
10329 
206940 
206948 
34916 
34918 
206954 
206958 
206972 
206974 
92291 
206982 
92294 
206990 
239759 
239761 
194705 
206994 
194707 
219286 
219290 
207004 
170145 
170153 
10411 
10415 
194738 
194740 
88252 
88257 
96450 
10438 
10439 
96458 
10442 
10443 
231641 
231644 
10462 
202975 
202976 
202977 
202978 
141540 
10468 
186597 
194790 
141542 
194792 
162024 
141545 
194795 
186604 
141548 
194798 
162032 
51464 
51467 
141606 
141614 
76132 
63870 
63871 
63875 
63878 
153995 
153997 
10648 
10652 
154021 
154022 
154024 
154025 
27062 
43447 
43448 
27066 
43451 
43452 
195005 
39395 
39397 
129513 
129515 
129518 
129521 
88630 
88631 
84536 
252474 
88634 
84538 
252475 
252479 
76361 
76363 
252497 
158289 
109137 
27218 
252499 
158291 
109139 
109140 
27220 
158293 
109142 
158296 
252506 
191066 
252508 
191068 
199275 
125551 
125552 
199282 
125555 
125556 
187001 
96891 
187004 
96899 
109191 
96904 
96905 
96907 
195212 
96908 
195215 
109200 
15042 
15043 
15046 
15047 
43771 
43776 
146185 
146189 
31511 
31513 
80676 
121666 
121667 
121670 
121671 
211794 
211802 
187235 
2916 
187237 
2918 
2921 
195434 
195438 
2926 
11142 
11152 
11157 
27549 
27551 
11167 
27555 
252836 
252838 
88998 
88999 
27559 
89003 
252844 
89005 
252848 
101305 
101306 
64442 
101307 
101308 
64445 
97226 
39883 
97228 
84944 
134097 
39889 
142290 
84946 
134102 
3030 
142298 
56282 
56285 
252895 
252899 
15355 
15359 
101376 
101378 
101382 
261133 
261136 
72746 
72749 
23600 
142385 
23602 
142387 
109619 
109622 
89150 
89152 
261185 
261187 
146511 
146519 
23645 
23648 
80993 
80995 
179314 
146550 
56443 
146558 
68735 
56448 
68737 
35997 
15522 
36005 
15531 
154796 
154798 
89279 
154833 
154835 
154837 
154839 
253158 
122090 
253163 
122093 
142578 
64755 
64756 
7415 
64761 
7418 
64763 
253183 
253186 
93444 
253194 
93451 
138510 
253199 
253201 
253204 
253207 
138519 
253210 
253212 
253217 
146736 
60720 
60722 
60725 
146742 
7478 
7480 
60729 
150842 
150843 
48460 
19791 
48464 
19793 
19795 
19799 
101761 
101762 
101763 
101764 
163223 
122264 
163225 
122266 
85409 
85412 
28079 
28081 
200123 
200125 
179655 
179656 
179660 
179661 
151000 
151001 
151002 
159195 
151003 
159201 
241132 
241137 
138743 
138745 
60924 
3584 
60929 
28181 
7701 
28184 
106013 
7710 
106015 
192048 
192050 
192052 
192056 
142946 
142950 
122472 
122480 
48790 
48795 
81593 
81594 
212676 
212678 
184006 
212679 
184007 
184008 
212681 
184009 
163536 
163538 
163541 
163544 
106228 
106234 
245502 
237342 
257825 
69410 
48932 
69413 
237350 
48936 
98145 
98153 
53129 
130965 
130973 
94109 
94110 
163753 
163757 
73667 
73669 
)

// ************************************************************************* //
