/*--------------------------------*- C++ -*----------------------------------*\
  =========                 |
  \\      /  F ield         | OpenFOAM: The Open Source CFD Toolbox
   \\    /   O peration     | Website:  https://openfoam.org
    \\  /    A nd           | Version:  8
     \\/     M anipulation  |
\*---------------------------------------------------------------------------*/
FoamFile
{
    version     2.0;
    format      ascii;
    class       faceSet;
    location    "constant/polyMesh/sets";
    object      nonOrthoFaces;
}
// * * * * * * * * * * * * * * * * * * * * * * * * * * * * * * * * * * * * * //


669
(
94212 
94214 
94216 
94220 
69645 
241678 
241683 
69653 
24617 
16426 
24619 
16431 
159827 
159829 
135264 
135269 
131197 
16509 
131198 
4222 
131199 
131200 
20608 
20609 
20611 
4227 
20612 
16520 
61591 
61596 
200896 
200897 
200898 
200899 
106704 
106706 
106707 
106710 
147677 
147679 
114916 
114921 
53516 
53519 
180500 
237845 
237846 
180502 
57627 
57637 
301 
98640 
98641 
98646 
98648 
151944 
151946 
53644 
151949 
151952 
90512 
53650 
90515 
57761 
57763 
135588 
135598 
258499 
258503 
115144 
94666 
115149 
94670 
246246 
246247 
246250 
246252 
246255 
246257 
70130 
49650 
246259 
70133 
246262 
246264 
246266 
49658 
246267 
246270 
246273 
246274 
246277 
49669 
246279 
246282 
246284 
246285 
246288 
61971 
61973 
168471 
61975 
61978 
37402 
61980 
168477 
37407 
61988 
49700 
29221 
49702 
29226 
98859 
98865 
135742 
135747 
98892 
98900 
98918 
98920 
111219 
53881 
53882 
111227 
53885 
53886 
123530 
123532 
176791 
176792 
176793 
176794 
107186 
107188 
53947 
53951 
115447 
115452 
103173 
103175 
103176 
103178 
37684 
37685 
37688 
37689 
205642 
205643 
205646 
90958 
205647 
90963 
201577 
201582 
123770 
103291 
123772 
103295 
917 
25497 
921 
25505 
132010 
132014 
132017 
82868 
197558 
197559 
82872 
132045 
132047 
132048 
132050 
78803 
78804 
82926 
82937 
74745 
74753 
148487 
144394 
148491 
144398 
66589 
66593 
205858 
205861 
25674 
42062 
95312 
95313 
42066 
25682 
37974 
37983 
193643 
177259 
177260 
177261 
177262 
193647 
136305 
136311 
132224 
25729 
132226 
132227 
66697 
66698 
66699 
66700 
152795 
152798 
115962 
115970 
50460 
50468 
1319 
29992 
1322 
83244 
29998 
103730 
152884 
152885 
103733 
83253 
152886 
152887 
42300 
42308 
83271 
83273 
83274 
169292 
83276 
169294 
75089 
75091 
70998 
71006 
259431 
218472 
218474 
124267 
124268 
259437 
218477 
124270 
124271 
218480 
181622 
181624 
87423 
87425 
87426 
87429 
1418 
1419 
152979 
152981 
152983 
152987 
112030 
112035 
153004 
153005 
153007 
153008 
26095 
26101 
243211 
140855 
149049 
140857 
255548 
255550 
149055 
255556 
198214 
198215 
255560 
198217 
198218 
149082 
149083 
149087 
149089 
259713 
259719 
38535 
38537 
38541 
38545 
132759 
132767 
54958 
54962 
116434 
116439 
38624 
38626 
136934 
141031 
136936 
141034 
165621 
165627 
141063 
141071 
198419 
198421 
194363 
194366 
194408 
194411 
247660 
120695 
255865 
120697 
59259 
255869 
255874 
59268 
255878 
190343 
190346 
169887 
169895 
255928 
255932 
96191 
116674 
96194 
18371 
116678 
18374 
190412 
190414 
116687 
116691 
116701 
96221 
116704 
96225 
133106 
133108 
198645 
198647 
198651 
100350 
198655 
100351 
100354 
100356 
219148 
219155 
219178 
219188 
219198 
34881 
153671 
34890 
153675 
22617 
22626 
194664 
194666 
165994 
165995 
194668 
165998 
165999 
194672 
71797 
71800 
71801 
59522 
55428 
59525 
55438 
256143 
112783 
112787 
256148 
6314 
6317 
116911 
116915 
256188 
256193 
256195 
256198 
88264 
256201 
10442 
88267 
256204 
256206 
10446 
43218 
256211 
43229 
6384 
6392 
22794 
39179 
22796 
39182 
22799 
22803 
157985 
157987 
92460 
43313 
92468 
80180 
43317 
80183 
26940 
26949 
84295 
100684 
84300 
100685 
100686 
100687 
194919 
194920 
59754 
194923 
59755 
194924 
59758 
59761 
59764 
59766 
59767 
76194 
76202 
113086 
113087 
113090 
113091 
55785 
199148 
199151 
55793 
264727 
264730 
100898 
100901 
207404 
207407 
207416 
207418 
256575 
256576 
207428 
207431 
207440 
182864 
182866 
207444 
19029 
19038 
207455 
80479 
80480 
207458 
80482 
80483 
207468 
207477 
207483 
141947 
141949 
178815 
207493 
178823 
252557 
88720 
88724 
195251 
195254 
174791 
174794 
191190 
191192 
191193 
191195 
105193 
105194 
105197 
72430 
101103 
101105 
101107 
72435 
101111 
256761 
256766 
256767 
166665 
166666 
166672 
191249 
191251 
166675 
2894 
2898 
133974 
133982 
23392 
23397 
203624 
203626 
72569 
260987 
72572 
260989 
7061 
7064 
72636 
72638 
72641 
72644 
121811 
121813 
76779 
76780 
76785 
76788 
150543 
150553 
203805 
203806 
203811 
203813 
48167 
48171 
97327 
97333 
23641 
23642 
23645 
23646 
52353 
81030 
52361 
81039 
130193 
130195 
97436 
97437 
158886 
93354 
158894 
93362 
7346 
44218 
44223 
97486 
163023 
191697 
163025 
97489 
191699 
163028 
191701 
163031 
191705 
3298 
138468 
3302 
40167 
138475 
40176 
7456 
7460 
101670 
261415 
261419 
261421 
101678 
114008 
114011 
200045 
200048 
154994 
154997 
19841 
69015 
130458 
130459 
69023 
130464 
134561 
130467 
134567 
36295 
261576 
36300 
261581 
150997 
150998 
151000 
151001 
3587 
3591 
142923 
134736 
134738 
134740 
134744 
118418 
118421 
171695 
171697 
110313 
110315 
110321 
163570 
163571 
163574 
163575 
57082 
57086 
257803 
257806 
98070 
98072 
61208 
98075 
61212 
98078 
192310 
192314 
208719 
73552 
208721 
208722 
134994 
208724 
134996 
134998 
73558 
266072 
135000 
48984 
48986 
48989 
48993 
49006 
49010 
49011 
163714 
163717 
49030 
49035 
77739 
77741 
77744 
159729 
159731 
262132 
159733 
262135 
159737 
)

// ************************************************************************* //
