/*--------------------------------*- C++ -*----------------------------------*\
  =========                 |
  \\      /  F ield         | OpenFOAM: The Open Source CFD Toolbox
   \\    /   O peration     | Website:  https://openfoam.org
    \\  /    A nd           | Version:  8
     \\/     M anipulation  |
\*---------------------------------------------------------------------------*/
FoamFile
{
    version     2.0;
    format      ascii;
    class       faceSet;
    location    "constant/polyMesh/sets";
    object      nonOrthoFaces;
}
// * * * * * * * * * * * * * * * * * * * * * * * * * * * * * * * * * * * * * //


746
(
262171 
262174 
262221 
262226 
262228 
262231 
262233 
262238 
262239 
20579 
262244 
73828 
73829 
20581 
73832 
73833 
16497 
16498 
32886 
16503 
16505 
32894 
172166 
172169 
110753 
110755 
98503 
98508 
24787 
24788 
28885 
24791 
24792 
28889 
82146 
82147 
82152 
82154 
78065 
78067 
229621 
229626 
205062 
78086 
78089 
205068 
33043 
33044 
33046 
37143 
33047 
37145 
37147 
37151 
33065 
33068 
29033 
168300 
156012 
29036 
156014 
156015 
156017 
168306 
20853 
110968 
110969 
110971 
110972 
102781 
20861 
102787 
258445 
258448 
172451 
172453 
29100 
29106 
250301 
250303 
90591 
90601 
74225 
74227 
45578 
53771 
45581 
53774 
45588 
45589 
143898 
131610 
45594 
131611 
45596 
131615 
131617 
143906 
184890 
184891 
184895 
184897 
221768 
221770 
70233 
4738 
4744 
82579 
82583 
209566 
209569 
45732 
45734 
45737 
45741 
12978 
12980 
12982 
12986 
90815 
90817 
78544 
78549 
33493 
33497 
201438 
201445 
140014 
140019 
205572 
205574 
205577 
205580 
17170 
119576 
119579 
103209 
103217 
107370 
152431 
152434 
107381 
13192 
13196 
152481 
152483 
140195 
152486 
140198 
152489 
209836 
209837 
209840 
230321 
209841 
230323 
78785 
78788 
189381 
189390 
263119 
263121 
263122 
185301 
185303 
185306 
185311 
13293 
13301 
173067 
42001 
173074 
95250 
42002 
201747 
42005 
42006 
201753 
95258 
267313 
267316 
189519 
189527 
177247 
177248 
177250 
177251 
152683 
152684 
152687 
152688 
136304 
136306 
50291 
50295 
9342 
50305 
173187 
50310 
9350 
173195 
124059 
169118 
38050 
124067 
38054 
38071 
38075 
271553 
54493 
54494 
54496 
54497 
156924 
38141 
156926 
156929 
38145 
156932 
38150 
34064 
34066 
226579 
226594 
66859 
66863 
226609 
83256 
259385 
83258 
226619 
83259 
259388 
103740 
107837 
83261 
103742 
107839 
103744 
103747 
226629 
140627 
140629 
271731 
271732 
21879 
271736 
21881 
271738 
263546 
21884 
21888 
87453 
87454 
87459 
42405 
87462 
42413 
124363 
161228 
124364 
161229 
124366 
124367 
132600 
132601 
202235 
202238 
132606 
132608 
58888 
58889 
58891 
58892 
144919 
144924 
136740 
136746 
63033 
63034 
63038 
63041 
124487 
124490 
116302 
136784 
136786 
116307 
210527 
157279 
210528 
157282 
132727 
132728 
132730 
132731 
112252 
202367 
202369 
112258 
267915 
267920 
54931 
54932 
54934 
54935 
202394 
132762 
5786 
5789 
202398 
132770 
202412 
202415 
50874 
50875 
120510 
120512 
50881 
120515 
50885 
120518 
14034 
186072 
14041 
186074 
186077 
186080 
22249 
173807 
22255 
202481 
173810 
202484 
263944 
67368 
75580 
75584 
10076 
10080 
132968 
141163 
132971 
141164 
14188 
141166 
141167 
141176 
141177 
30587 
30590 
198534 
198536 
198539 
198542 
165777 
165778 
165782 
165784 
137134 
169906 
186291 
137139 
169910 
165816 
165817 
165822 
165824 
18370 
18376 
22483 
22488 
210922 
210923 
210924 
210925 
149504 
149507 
43011 
43019 
210960 
210970 
129050 
129052 
100396 
100397 
100399 
51259 
51264 
108612 
108613 
108616 
108617 
120926 
51296 
120929 
51299 
18548 
55414 
18552 
55419 
125063 
125066 
174224 
174225 
157844 
157846 
145591 
145592 
145595 
145596 
96444 
96446 
96448 
96452 
18638 
18640 
252117 
252125 
174303 
174305 
174307 
174310 
157928 
157929 
190712 
198906 
190715 
198908 
198909 
190718 
198911 
35072 
35076 
203016 
129289 
129290 
133388 
129292 
129293 
203022 
133390 
84266 
84269 
153908 
153910 
6477 
31070 
203103 
203105 
31073 
203106 
203108 
47481 
47490 
145800 
145808 
264595 
264599 
207257 
207259 
260519 
260521 
51629 
170424 
170426 
170428 
170432 
104915 
104919 
207335 
207338 
63995 
63998 
166419 
166420 
166424 
166425 
84511 
84515 
88613 
88614 
18990 
18992 
72242 
186958 
186959 
186962 
186963 
211542 
211544 
211545 
117337 
117338 
211547 
117341 
117342 
2679 
2680 
2684 
2687 
68240 
68243 
137903 
55983 
137906 
55989 
47821 
47827 
51935 
51938 
203491 
203494 
211703 
211704 
203513 
125690 
125691 
203517 
162559 
121602 
162564 
248584 
121608 
248589 
35613 
2845 
2851 
35621 
60203 
60207 
252777 
252778 
252781 
252783 
252786 
252788 
252790 
252792 
252795 
252796 
252800 
215936 
252802 
252804 
215940 
252806 
252808 
252811 
252813 
252815 
215951 
252817 
215953 
252820 
64404 
64406 
64408 
215961 
64412 
39837 
215970 
39845 
215978 
97194 
215982 
31664 
31668 
97205 
215993 
215995 
216003 
216011 
216015 
211921 
211924 
216025 
216032 
93154 
216035 
150501 
150503 
134119 
93159 
150506 
134123 
150511 
121845 
121846 
121849 
121851 
31742 
31745 
35845 
35849 
142350 
142355 
130074 
248860 
130076 
130077 
44062 
130079 
248865 
44066 
142381 
142386 
154724 
154726 
146535 
146546 
109701 
265350 
109709 
36026 
36029 
113860 
64708 
113864 
64713 
64715 
27856 
27857 
240851 
27860 
240853 
27861 
269535 
269542 
52454 
52457 
101614 
101615 
101618 
101619 
146685 
85248 
85255 
15656 
15660 
64824 
44344 
44350 
64831 
146784 
146786 
146787 
146789 
163186 
191859 
191860 
163190 
191864 
191867 
7566 
7568 
7570 
7574 
60829 
60834 
200099 
200101 
109992 
110001 
101844 
101852 
7659 
24045 
24051 
261626 
261628 
261634 
261638 
19994 
11808 
11809 
11814 
11816 
28202 
28206 
171600 
15952 
15958 
171608 
36447 
36455 
114304 
106116 
114309 
106125 
229006 
229010 
167570 
167571 
81571 
81576 
208559 
208562 
147163 
28382 
28383 
147168 
40682 
24298 
40685 
24303 
261877 
261881 
175869 
261887 
261889 
220941 
220948 
159515 
159518 
184097 
184100 
261928 
261932 
94002 
94012 
175943 
85832 
175945 
85835 
118643 
118646 
262010 
89998 
90002 
16292 
16295 
77736 
77744 
44977 
44983 
69590 
69593 
94173 
94174 
94178 
94179 
212966 
212967 
106486 
106489 
)

// ************************************************************************* //
