/*--------------------------------*- C++ -*----------------------------------*\
  =========                 |
  \\      /  F ield         | OpenFOAM: The Open Source CFD Toolbox
   \\    /   O peration     | Website:  https://openfoam.org
    \\  /    A nd           | Version:  8
     \\/     M anipulation  |
\*---------------------------------------------------------------------------*/
FoamFile
{
    version     2.0;
    format      ascii;
    class       faceSet;
    location    "constant/polyMesh/sets";
    object      nonOrthoFaces;
}
// * * * * * * * * * * * * * * * * * * * * * * * * * * * * * * * * * * * * * //


665
(
57369 
221211 
221213 
221214 
221216 
57376 
258098 
258099 
262196 
262198 
262201 
168015 
168017 
168020 
168024 
102494 
102497 
73863 
73871 
53440 
114885 
114887 
114888 
114890 
28882 
28888 
241921 
241926 
151817 
151820 
74022 
74030 
123190 
123194 
65850 
65858 
94538 
94540 
98651 
98655 
41331 
41340 
123264 
123266 
123268 
123271 
123275 
123277 
61837 
61838 
8591 
61842 
8595 
45514 
45518 
246234 
246235 
4572 
4573 
246238 
90590 
246240 
4578 
246243 
246245 
4582 
246247 
246250 
4587 
246252 
4589 
246254 
246255 
4592 
246258 
246261 
246262 
246266 
246268 
246270 
246271 
70143 
246274 
246276 
70151 
209433 
209434 
209438 
209441 
201282 
33352 
201290 
86604 
33356 
94799 
94802 
86612 
21077 
21079 
45661 
45666 
168559 
168560 
168561 
168562 
168575 
168577 
8890 
8900 
8902 
53986 
53991 
180969 
180971 
180974 
180977 
209705 
209707 
33596 
9031 
111436 
9036 
111437 
111438 
111439 
156543 
193409 
156545 
193412 
156549 
58245 
58246 
156553 
58250 
58252 
29589 
58268 
29597 
58271 
62377 
62378 
62380 
62381 
160695 
160697 
160698 
218045 
160701 
218047 
164834 
164836 
99339 
95257 
9248 
9251 
107604 
107605 
107610 
107612 
156775 
156776 
156778 
156779 
210030 
210031 
210034 
210035 
13429 
13435 
169108 
169112 
70830 
115889 
115891 
70835 
115918 
115919 
115923 
115924 
87296 
29953 
87299 
87302 
29958 
9481 
9485 
21775 
21781 
148765 
148766 
148768 
148769 
79146 
79147 
79153 
79156 
189758 
58687 
144704 
58688 
189761 
58691 
58692 
91472 
91474 
13651 
13656 
259419 
259426 
75113 
75115 
255344 
255346 
157059 
157061 
17797 
157063 
17802 
157067 
95631 
95637 
243127 
181690 
181691 
181694 
181695 
107991 
75223 
75224 
107993 
75227 
75228 
108000 
87527 
87530 
255467 
255469 
62962 
116214 
62966 
157179 
157180 
50686 
50687 
157185 
116225 
157187 
50691 
50692 
13833 
13841 
95777 
95779 
124460 
124462 
99887 
99889 
255541 
255545 
132672 
30273 
132680 
255562 
30282 
255566 
165482 
165484 
255617 
255619 
67210 
67214 
132753 
132755 
132756 
132758 
218789 
132782 
132786 
218812 
104127 
104129 
104130 
218819 
26308 
104133 
26312 
243407 
243409 
218837 
218847 
145125 
145127 
145129 
145132 
259824 
259832 
104198 
104199 
104213 
104216 
145182 
145183 
255780 
145188 
145190 
255785 
42794 
255787 
42797 
255790 
255792 
255797 
255799 
255802 
255804 
10044 
10046 
157503 
10048 
255809 
10052 
157510 
124742 
124744 
169803 
169805 
169806 
120655 
169808 
120656 
120659 
120660 
46936 
46941 
55141 
55142 
55143 
55144 
194451 
194453 
194454 
194456 
124824 
124826 
124828 
71583 
124832 
100257 
100259 
100260 
100263 
71591 
104376 
38841 
104378 
104379 
38843 
38844 
104381 
38846 
243648 
243656 
264167 
264169 
194592 
194593 
2085 
194598 
194600 
2092 
194642 
194646 
264285 
264286 
264289 
264290 
223333 
67686 
206962 
206965 
137341 
30846 
30847 
137346 
30852 
30854 
6291 
6293 
6295 
6299 
14567 
190698 
14570 
190700 
71916 
190702 
190704 
71927 
194828 
194832 
186644 
51476 
186646 
51480 
35104 
35105 
264482 
35107 
35108 
121139 
121140 
100701 
100702 
153954 
100707 
153956 
55652 
153957 
100710 
153960 
194928 
194929 
194933 
194935 
59775 
59777 
59778 
59781 
113045 
113047 
162213 
162214 
162219 
162221 
80352 
154089 
80361 
92653 
92656 
154097 
125463 
125473 
18978 
18987 
137778 
137779 
137785 
137788 
191077 
191081 
105075 
105085 
23192 
23195 
23198 
27308 
27312 
60109 
60112 
68313 
68318 
47839 
68321 
183020 
183022 
15104 
15108 
80651 
80653 
199448 
199451 
219935 
150304 
150305 
219938 
150308 
150309 
170855 
170856 
23404 
23405 
23408 
23409 
19331 
19334 
97179 
97187 
7076 
64423 
64424 
7080 
64426 
64427 
84908 
84910 
80823 
80831 
162754 
3012 
162759 
3021 
130017 
130022 
39921 
84984 
39929 
84990 
195596 
195597 
191502 
191504 
191505 
191507 
179233 
179234 
179236 
179237 
109612 
109617 
89138 
89142 
68670 
232512 
232513 
68676 
232517 
232518 
121934 
121937 
60497 
60500 
23658 
23666 
171135 
171137 
171138 
175236 
171140 
175237 
175241 
175242 
72856 
72861 
154785 
154794 
199863 
199872 
40137 
40138 
40143 
93398 
93399 
171226 
171229 
134404 
134409 
167213 
167216 
195893 
195896 
105796 
105801 
11614 
11620 
130445 
130447 
200138 
200141 
114134 
52694 
114138 
52698 
138724 
138728 
85533 
208415 
208418 
208430 
208433 
24117 
208442 
24125 
208446 
208457 
208460 
208472 
208474 
208482 
48741 
32361 
208491 
48750 
15983 
208497 
32369 
15987 
188024 
208505 
77433 
188027 
77435 
77437 
208511 
179839 
77440 
208514 
179842 
179843 
261767 
261768 
163494 
163495 
163498 
163499 
48812 
48814 
118461 
118462 
118466 
118467 
179916 
179918 
179919 
179921 
102135 
102137 
102139 
102143 
57129 
57130 
77611 
188204 
77612 
77613 
77614 
57134 
188207 
57137 
262032 
262034 
262036 
262039 
24483 
102310 
102311 
102313 
102314 
257964 
24493 
257969 
36812 
36815 
167888 
167890 
110548 
110553 
262122 
49130 
114667 
53228 
53231 
114672 
262130 
262136 
262137 
)

// ************************************************************************* //
