/*--------------------------------*- C++ -*----------------------------------*\
  =========                 |
  \\      /  F ield         | OpenFOAM: The Open Source CFD Toolbox
   \\    /   O peration     | Website:  https://openfoam.org
    \\  /    A nd           | Version:  8
     \\/     M anipulation  |
\*---------------------------------------------------------------------------*/
FoamFile
{
    version     2.0;
    format      ascii;
    class       faceSet;
    location    "constant/polyMesh/sets";
    object      nonOrthoFaces;
}
// * * * * * * * * * * * * * * * * * * * * * * * * * * * * * * * * * * * * * //


726
(
73728 
167937 
73729 
73733 
73734 
118791 
167945 
16411 
77853 
16414 
249888 
249890 
249891 
249893 
77861 
204853 
204856 
56 
60 
98369 
98371 
16454 
16457 
139342 
139346 
127077 
127078 
127081 
127082 
36988 
36992 
86159 
86161 
98488 
98492 
73931 
73934 
53500 
114945 
53506 
114947 
114948 
114950 
151830 
184600 
184601 
184602 
184603 
151838 
4414 
209215 
110915 
4419 
209220 
110918 
45385 
45389 
70014 
70015 
70019 
70021 
197006 
197010 
8614 
8619 
29107 
29108 
233909 
29110 
233911 
29111 
16830 
16840 
41430 
41432 
41434 
135645 
41438 
135647 
135649 
25057 
25058 
135653 
25061 
25062 
98796 
98803 
172550 
172552 
57874 
201238 
147990 
57878 
201239 
201240 
201241 
147997 
209439 
209446 
115238 
250407 
115240 
250409 
250410 
250412 
33347 
33349 
201317 
201321 
160362 
160363 
160367 
160369 
127604 
127606 
205448 
205451 
123558 
8875 
123566 
8880 
25267 
107191 
25271 
107195 
271048 
271051 
127699 
127704 
213759 
213761 
213762 
213764 
54021 
54029 
33564 
189245 
189246 
58206 
263008 
263012 
136039 
263016 
136040 
58216 
136042 
136043 
263022 
107384 
91001 
107387 
91003 
234367 
234368 
234370 
234371 
263062 
152472 
263066 
152474 
152477 
263072 
152480 
263074 
209844 
209846 
209847 
209850 
173002 
173003 
173006 
173007 
148447 
148453 
263162 
263164 
168960 
168961 
263170 
168964 
263173 
168965 
29704 
29705 
263179 
29708 
29709 
263183 
263188 
263192 
263200 
263204 
263212 
263215 
99379 
99383 
103492 
115784 
103496 
115786 
111691 
111692 
111694 
111695 
74833 
74837 
181356 
181358 
210031 
181359 
181361 
210036 
91254 
83062 
83067 
62595 
62601 
62603 
181392 
181394 
181395 
181397 
74901 
74909 
177313 
177314 
177317 
177318 
29863 
25773 
25774 
210097 
25777 
25778 
210102 
75012 
75020 
46369 
46370 
46373 
46374 
58681 
58682 
58685 
58686 
87408 
87410 
87412 
263543 
87415 
263545 
66943 
263552 
66944 
34176 
263554 
66946 
66947 
34186 
251279 
251280 
58787 
58790 
251321 
251322 
193986 
193988 
193989 
193991 
234961 
91603 
234966 
91607 
95717 
95720 
83451 
83452 
83456 
83458 
226827 
226832 
157222 
157226 
50731 
50736 
91712 
91715 
75332 
75335 
9832 
9837 
9845 
9847 
181881 
181887 
87697 
140948 
165525 
140952 
165530 
272033 
104103 
13993 
104108 
13999 
157387 
157388 
157390 
157391 
100061 
100063 
83690 
83693 
177918 
177924 
67346 
206611 
206612 
67348 
206613 
67349 
206614 
63271 
63276 
87878 
87879 
87883 
87887 
10090 
10094 
67471 
67476 
145330 
145334 
223162 
223163 
223166 
223167 
26560 
165825 
165827 
165828 
165830 
26566 
141270 
141278 
38891 
71661 
38894 
178161 
178163 
178165 
71669 
178168 
100353 
100354 
100359 
100362 
59427 
59435 
67632 
18481 
18486 
67640 
108610 
108615 
59566 
59570 
43199 
137410 
43202 
137411 
137413 
137414 
18661 
141543 
166120 
141545 
18665 
141548 
166125 
141551 
47345 
47348 
207103 
207104 
207105 
207106 
84262 
137513 
137515 
35122 
92471 
35127 
92473 
47421 
47430 
145741 
145746 
31068 
31070 
31073 
80226 
31076 
80235 
174455 
174459 
211326 
211331 
63886 
63887 
63888 
63889 
149907 
35219 
149908 
149911 
149912 
43420 
43421 
43423 
43424 
113073 
68018 
113075 
113077 
68021 
113081 
80315 
80319 
186827 
186828 
125397 
14806 
125399 
125401 
14810 
125405 
117327 
117332 
2652 
2663 
23157 
23168 
14992 
19105 
19111 
162485 
162488 
64204 
64207 
60112 
2771 
60117 
178902 
150230 
121558 
2774 
121559 
178904 
150232 
39640 
121561 
39641 
121562 
178907 
170715 
39643 
39644 
170717 
178910 
170720 
211683 
121576 
121577 
121578 
121579 
211693 
211700 
211703 
228098 
150274 
211715 
150277 
228102 
228103 
211719 
273162 
84749 
84752 
273170 
211730 
211733 
269081 
269083 
211745 
211748 
101164 
211760 
101169 
211764 
211782 
211792 
211797 
211806 
56158 
84834 
84836 
84839 
84843 
199533 
64365 
64366 
199535 
199536 
199538 
64371 
64373 
113536 
113541 
39845 
39847 
150445 
150450 
105399 
105407 
138207 
64481 
64483 
138212 
121857 
64513 
64517 
121867 
203793 
64536 
64537 
203802 
64541 
64544 
199739 
199741 
126036 
126043 
93327 
93328 
93332 
146581 
93333 
179351 
171159 
179352 
171161 
171162 
146586 
171164 
163005 
167102 
163006 
167104 
163010 
163013 
154826 
154829 
44239 
44244 
36061 
36066 
23778 
117990 
117991 
117995 
23787 
117998 
109845 
52501 
109847 
109848 
52505 
109850 
216350 
216351 
130378 
130383 
48478 
48483 
204141 
191856 
191858 
191859 
191861 
204152 
191864 
191865 
114049 
114050 
114052 
114053 
36252 
36260 
138675 
138680 
110010 
175566 
175568 
175569 
175571 
24032 
24034 
36366 
36367 
36372 
36374 
32298 
159291 
159293 
159294 
159296 
15937 
32322 
32324 
15941 
32327 
114248 
130633 
114249 
32332 
130638 
93774 
11854 
11858 
93782 
163453 
265854 
163454 
163456 
163457 
265862 
7842 
7851 
216749 
216750 
65206 
93883 
65211 
208574 
208575 
93888 
253633 
253634 
253636 
253637 
253642 
253643 
253645 
253646 
253650 
134866 
253651 
245461 
134870 
253655 
253657 
245466 
253659 
253661 
253663 
28383 
253666 
253668 
253669 
28391 
253672 
253674 
253678 
253679 
253681 
253682 
73458 
253686 
32502 
155383 
253688 
253690 
155387 
73467 
253693 
253695 
253696 
253699 
253701 
253704 
106248 
253705 
151306 
151307 
253709 
151310 
253711 
151311 
106256 
253713 
253715 
85779 
253717 
253720 
85787 
48974 
48975 
200549 
200551 
139133 
139135 
249754 
249755 
249756 
249757 
98222 
98224 
176050 
176054 
8162 
8163 
143348 
143351 
118782 
)

// ************************************************************************* //
