/*--------------------------------*- C++ -*----------------------------------*\
  =========                 |
  \\      /  F ield         | OpenFOAM: The Open Source CFD Toolbox
   \\    /   O peration     | Website:  https://openfoam.org
    \\  /    A nd           | Version:  8
     \\/     M anipulation  |
\*---------------------------------------------------------------------------*/
FoamFile
{
    version     2.0;
    format      ascii;
    class       faceSet;
    location    "constant/polyMesh/sets";
    object      nonOrthoFaces;
}
// * * * * * * * * * * * * * * * * * * * * * * * * * * * * * * * * * * * * * //


857
(
270378 
270380 
270383 
270387 
303234 
303235 
303238 
303239 
172195 
172196 
172197 
172198 
303310 
303311 
303313 
303314 
196827 
131292 
196829 
196830 
131294 
196832 
131296 
131298 
131328 
131334 
131378 
131381 
336216 
336218 
336221 
336224 
147825 
147831 
147833 
147848 
147850 
74135 
74137 
82350 
82358 
180667 
82364 
82366 
180671 
483 
484 
494 
320087 
320090 
221823 
221825 
221827 
221831 
49809 
311954 
311956 
66201 
66203 
66204 
295581 
66206 
295588 
238267 
238270 
336602 
336604 
393975 
221949 
393983 
221957 
140122 
140125 
254820 
254821 
287594 
254826 
287596 
254828 
41983 
41984 
41986 
41987 
107529 
107531 
107533 
107535 
123920 
123922 
320539 
320540 
320542 
320543 
115765 
91189 
91193 
115770 
115773 
255040 
255045 
246858 
230481 
230482 
246868 
156756 
230485 
230487 
156761 
66667 
66671 
99476 
99479 
50343 
50351 
91388 
91392 
402723 
189732 
402725 
402728 
402731 
189740 
304493 
304494 
132463 
132468 
116109 
116114 
132520 
173515 
75213 
173520 
83412 
75220 
83423 
214517 
214519 
50683 
50684 
157182 
50687 
157189 
206355 
206356 
206359 
206360 
345678 
345684 
149082 
149084 
149087 
149090 
337515 
337524 
337532 
337535 
26241 
26243 
26245 
26247 
337546 
75405 
75406 
337551 
75411 
337557 
75413 
337565 
337569 
337577 
222894 
337583 
337585 
222902 
116420 
116422 
206536 
206541 
149231 
50927 
50931 
18178 
337670 
18184 
337673 
337680 
337688 
395063 
395065 
26497 
26501 
100278 
100284 
100288 
206789 
321482 
321483 
280530 
280538 
2027 
100332 
2030 
100337 
403454 
403456 
280590 
280598 
92237 
354387 
108628 
354389 
108629 
354390 
354392 
108633 
108634 
215151 
215161 
395395 
395398 
149643 
149644 
149649 
18577 
149652 
18581 
329889 
329897 
108734 
108736 
370939 
370940 
370942 
370943 
100610 
100613 
18725 
18729 
239927 
239931 
403857 
403858 
403861 
403862 
215475 
215477 
215479 
215483 
59909 
59913 
256527 
256535 
231976 
231981 
240204 
232019 
240212 
232022 
51804 
51814 
133745 
133747 
76464 
232116 
76472 
232125 
240342 
240343 
240347 
289501 
240349 
289502 
289503 
289504 
281321 
281324 
101111 
101115 
281344 
281345 
281346 
281347 
191236 
191237 
191238 
191239 
27419 
27422 
314146 
314147 
314149 
314150 
273197 
273200 
158552 
158554 
379787 
379788 
60317 
60320 
68529 
248759 
248761 
68540 
44095 
216131 
44100 
216133 
85069 
85070 
85071 
85072 
191578 
306267 
191581 
306272 
183429 
183437 
281753 
257178 
281756 
257185 
347308 
347313 
183479 
183482 
232714 
232718 
118033 
118034 
167188 
167189 
118037 
118038 
290073 
167193 
167194 
290075 
290078 
290081 
347427 
347429 
347430 
347432 
36154 
36155 
36159 
36160 
60766 
60767 
60769 
265577 
265580 
3451 
3457 
44447 
44450 
167340 
167341 
167346 
167348 
52689 
314921 
314924 
208484 
208486 
134766 
298611 
110198 
110201 
298621 
28285 
28291 
61089 
61097 
28337 
28339 
36629 
36631 
143165 
118590 
143168 
118600 
380752 
380753 
380755 
380756 
61272 
380761 
380762 
298842 
380763 
380764 
298844 
298847 
61280 
380769 
298850 
380771 
380772 
380775 
380779 
380780 
380782 
380783 
323439 
323441 
323442 
380787 
380788 
323444 
380792 
380794 
380797 
380798 
380799 
380800 
380805 
380807 
380809 
380812 
380814 
380816 
380818 
380820 
159638 
380823 
380824 
159642 
380828 
380830 
380832 
380833 
380837 
380839 
12201 
77738 
77740 
12209 
36788 
36791 
36821 
118757 
118761 
266244 
266246 
266249 
266252 
28726 
28727 
28730 
28731 
110659 
110660 
110662 
110663 
151679 
151682 
4234 
4235 
28812 
28814 
4238 
4239 
28818 
28823 
151706 
151708 
12469 
12474 
37088 
176354 
37090 
176356 
184555 
184558 
168175 
168176 
168177 
53489 
168178 
53492 
12537 
315644 
315647 
12547 
69962 
69963 
127320 
127321 
348507 
348509 
348510 
127326 
348512 
127328 
217454 
258432 
258434 
258435 
250244 
250245 
111015 
111026 
209355 
209363 
70115 
70119 
193003 
193004 
193007 
193008 
119287 
119288 
119290 
119291 
283187 
283189 
78438 
78440 
78442 
250477 
78445 
209577 
209579 
209580 
209582 
258768 
168658 
168662 
258775 
217829 
21274 
291614 
21278 
324388 
324389 
324391 
324392 
308047 
308048 
308051 
308052 
250712 
250713 
29536 
267123 
267131 
308106 
308107 
308111 
308114 
267167 
267169 
291759 
209864 
95177 
95178 
46034 
46037 
62431 
62435 
185321 
185323 
259055 
185327 
242672 
259057 
218103 
259065 
259073 
78876 
78886 
128044 
209965 
128045 
209966 
128046 
128047 
209969 
209970 
390234 
390240 
390244 
390248 
275593 
275594 
210058 
275596 
275597 
210061 
128148 
128150 
128153 
128156 
390304 
390308 
390313 
390316 
226481 
226484 
46263 
46270 
324828 
324834 
136424 
136426 
390390 
308470 
308473 
283899 
390397 
283907 
275752 
275757 
275759 
152890 
152894 
193875 
193881 
21872 
21874 
390589 
390593 
390599 
390601 
390608 
390610 
284115 
390616 
185817 
284123 
390620 
185825 
390626 
390628 
194044 
194045 
194047 
194048 
202291 
202296 
202298 
136811 
136814 
38519 
38521 
267952 
267955 
79576 
317149 
317150 
79582 
317151 
317152 
268023 
341754 
268031 
341762 
71426 
341767 
112394 
112395 
341772 
161598 
161607 
104333 
276396 
276401 
243639 
243640 
243643 
243644 
227264 
227267 
63430 
63435 
260060 
260062 
358438 
153638 
153641 
358443 
30776 
30779 
96332 
96336 
39003 
104540 
39005 
104542 
39008 
14433 
39012 
71781 
71782 
71787 
14444 
71789 
162000 
162005 
14561 
14564 
309500 
309502 
39169 
39175 
260362 
260363 
260364 
260365 
252227 
252229 
153934 
153939 
153958 
194921 
194924 
153964 
227697 
227705 
334202 
334203 
22957 
22962 
145878 
121307 
145884 
121310 
64028 
64031 
154194 
154199 
31353 
96891 
96900 
31364 
154250 
154254 
64245 
195320 
195322 
64255 
72465 
72466 
72470 
72473 
203559 
187183 
203568 
187184 
178992 
187186 
178994 
400179 
187187 
178996 
178998 
400186 
105310 
88926 
105314 
244579 
88934 
244583 
244584 
326565 
326574 
48048 
64441 
64442 
48058 
64447 
97246 
97251 
187448 
187450 
171067 
7227 
171068 
171069 
171070 
7236 
400492 
400496 
138400 
138406 
285940 
285943 
97539 
97541 
97544 
97547 
122128 
122132 
154977 
154979 
154982 
154985 
40320 
40328 
32172 
32173 
32177 
32180 
277950 
277951 
277957 
277960 
245222 
245224 
220679 
220681 
335393 
335395 
228900 
228902 
130598 
130600 
228905 
65066 
228908 
65070 
73263 
73272 
40537 
40543 
163451 
163454 
32383 
32388 
286366 
286367 
261792 
286369 
286370 
261799 
16059 
16069 
89831 
89833 
7982 
7986 
65333 
65335 
253760 
253763 
139145 
139148 
294800 
294802 
303033 
303035 
303036 
303038 
294902 
294905 
)

// ************************************************************************* //
