/*--------------------------------*- C++ -*----------------------------------*\
  =========                 |
  \\      /  F ield         | OpenFOAM: The Open Source CFD Toolbox
   \\    /   O peration     | Website:  https://openfoam.org
    \\  /    A nd           | Version:  8
     \\/     M anipulation  |
\*---------------------------------------------------------------------------*/
FoamFile
{
    version     2.0;
    format      ascii;
    class       faceSet;
    location    "constant/polyMesh/sets";
    object      nonOrthoFaces;
}
// * * * * * * * * * * * * * * * * * * * * * * * * * * * * * * * * * * * * * //


738
(
155648 
155650 
294916 
155652 
294920 
200712 
200713 
200717 
200718 
151577 
41045 
90198 
90200 
41049 
90202 
82010 
82012 
135265 
135269 
290931 
192630 
192638 
147626 
274620 
274621 
274624 
274626 
274630 
274631 
274632 
274633 
274639 
274640 
274641 
274642 
274647 
274649 
274651 
274654 
274656 
209120 
274657 
209123 
200932 
274661 
200933 
200934 
274663 
200935 
274666 
274667 
291052 
274669 
274670 
291055 
274674 
274675 
274678 
274680 
172281 
274683 
274685 
274686 
274689 
172289 
164099 
164100 
274693 
274694 
221446 
274696 
274697 
221451 
274701 
274703 
274705 
184595 
274708 
184597 
168265 
168270 
61782 
82266 
61791 
82274 
233893 
233897 
90543 
90544 
90549 
90551 
119231 
119233 
176602 
270813 
176605 
270814 
270817 
270818 
270821 
270822 
213491 
213492 
90633 
90635 
90637 
90641 
217621 
217622 
217623 
217624 
21030 
4648 
4653 
21038 
123444 
123452 
160340 
33365 
160342 
37462 
33367 
37467 
143971 
143972 
143974 
143975 
12907 
143983 
143984 
205425 
143985 
12913 
143986 
205433 
45694 
45699 
98948 
98951 
164500 
164504 
29382 
29386 
29390 
70353 
70359 
53987 
53990 
45806 
45809 
213762 
213770 
234252 
193293 
193294 
217874 
193299 
217877 
193301 
49941 
234262 
62251 
62255 
62256 
242503 
242507 
176979 
136020 
283480 
62298 
176987 
283484 
136030 
62307 
21349 
209767 
209768 
209769 
21353 
209770 
37750 
37756 
82814 
82818 
119702 
119704 
123852 
123853 
41936 
123857 
123860 
41940 
271320 
271321 
164827 
271324 
164828 
271325 
254941 
164831 
205792 
193504 
164832 
205793 
193505 
254946 
205794 
205795 
193507 
193508 
87016 
87020 
271342 
230382 
271343 
271344 
271345 
230391 
230397 
230407 
189448 
189449 
189450 
189451 
230414 
230417 
230429 
230432 
230444 
42029 
42031 
230448 
291889 
185393 
291892 
185396 
230459 
230462 
226366 
132159 
132160 
226369 
107586 
132163 
107587 
132164 
230472 
189515 
189517 
230481 
189525 
189526 
230489 
189529 
189531 
230492 
218213 
218215 
50279 
87163 
87164 
87167 
87168 
156806 
156808 
226457 
226458 
107688 
107696 
54456 
54464 
283859 
283861 
283867 
283871 
283877 
210149 
283879 
210151 
283884 
206064 
17648 
283890 
17651 
283894 
206070 
283897 
283904 
283906 
107802 
107804 
46364 
107806 
46366 
107810 
21828 
21837 
128335 
128336 
50513 
128338 
128339 
50515 
157016 
283993 
157018 
71005 
283998 
71008 
71009 
124260 
222571 
124268 
30060 
222576 
30069 
9598 
9602 
112003 
112007 
91534 
91535 
91538 
91539 
206234 
206237 
222655 
226767 
222671 
222675 
226776 
226784 
226787 
116199 
116200 
50664 
116205 
50672 
116209 
210438 
210439 
210443 
210446 
247319 
247321 
161328 
161330 
161331 
161333 
71229 
71231 
71234 
71237 
292449 
292450 
292453 
292455 
149115 
149116 
87679 
149120 
149123 
87683 
198285 
284308 
198293 
284312 
145050 
145057 
284333 
284335 
165559 
165560 
165562 
165563 
100031 
284353 
100033 
75460 
284357 
75461 
75463 
75464 
272075 
272076 
26330 
26334 
112392 
292624 
112400 
292627 
223013 
223014 
55081 
55085 
104254 
104255 
79679 
79681 
104258 
55133 
55135 
30564 
30569 
18289 
18293 
18294 
153485 
96141 
153488 
96147 
178082 
178084 
153524 
153526 
219071 
219073 
96203 
96206 
108510 
108518 
30745 
30751 
51251 
51254 
219196 
219197 
219198 
219199 
145528 
211100 
211102 
92328 
92330 
75948 
92333 
75949 
92337 
75954 
75957 
84155 
84157 
100556 
100558 
223458 
223459 
223463 
223466 
26860 
26861 
26863 
26864 
26871 
26879 
227592 
227593 
227598 
227600 
231771 
231773 
231774 
190814 
231776 
190816 
231789 
10611 
231797 
10615 
10617 
211323 
211325 
39294 
211327 
211331 
39302 
141711 
141713 
141715 
141719 
68024 
68028 
293346 
293348 
293349 
293351 
293381 
293383 
117288 
117296 
14918 
14920 
92762 
92765 
31325 
31328 
187015 
187016 
187018 
187019 
182965 
129717 
182966 
129719 
182968 
182969 
129721 
129723 
35515 
35516 
35518 
35519 
121539 
121541 
121543 
121547 
43727 
43730 
154343 
154344 
154345 
31477 
80634 
31482 
80639 
43780 
47879 
43786 
47883 
39735 
39744 
138060 
138061 
138064 
138065 
23398 
23399 
23402 
23403 
289680 
166815 
166816 
166819 
166820 
80814 
265135 
265141 
80822 
265154 
265158 
39878 
39880 
72652 
207823 
187344 
72657 
207826 
187346 
187348 
187351 
170985 
199662 
170996 
199671 
56311 
56315 
93185 
150532 
93188 
203781 
101382 
203783 
150536 
203786 
101387 
203789 
220176 
220178 
220180 
220183 
138277 
138280 
19500 
126003 
19511 
126008 
64653 
64662 
52389 
171178 
60586 
187565 
52397 
171182 
60590 
187567 
89273 
89275 
224458 
224459 
224460 
224461 
97496 
187611 
52443 
187612 
97500 
97501 
52445 
52447 
187616 
187619 
93417 
93418 
93422 
93425 
56564 
56566 
118022 
118025 
85280 
11571 
11579 
113989 
113994 
195933 
154974 
195935 
195936 
154976 
195938 
154978 
154982 
36198 
36199 
36204 
60783 
60785 
77171 
60789 
77175 
60794 
220567 
220572 
183726 
60859 
60864 
294337 
294340 
11716 
11721 
118218 
118219 
118222 
118224 
73195 
73196 
77293 
73199 
77297 
220676 
220679 
212491 
212492 
212494 
212495 
101911 
101912 
101914 
101915 
44587 
44592 
159283 
159284 
159287 
159288 
44613 
106056 
106057 
106061 
106062 
44623 
138843 
138848 
138849 
208543 
208544 
147104 
208547 
147107 
208548 
269999 
270000 
188116 
188117 
188120 
188121 
98021 
98024 
12022 
12028 
77574 
40714 
77580 
65292 
65294 
40719 
65297 
65300 
216859 
216860 
216862 
216863 
245537 
245541 
175958 
175960 
77676 
77678 
77681 
77684 
167802 
167804 
167806 
167809 
89989 
270224 
270225 
69538 
200612 
200614 
69544 
143286 
143287 
143290 
143291 
122827 
122831 
155646 
)

// ************************************************************************* //
