/*--------------------------------*- C++ -*----------------------------------*\
  =========                 |
  \\      /  F ield         | OpenFOAM: The Open Source CFD Toolbox
   \\    /   O peration     | Website:  https://openfoam.org
    \\  /    A nd           | Version:  8
     \\/     M anipulation  |
\*---------------------------------------------------------------------------*/
FoamFile
{
    version     2.0;
    format      ascii;
    class       faceSet;
    location    "constant/polyMesh/sets";
    object      nonOrthoFaces;
}
// * * * * * * * * * * * * * * * * * * * * * * * * * * * * * * * * * * * * * //


615
(
86023 
86028 
180239 
180240 
12315 
12319 
12323 
94260 
225334 
127032 
127034 
94269 
127038 
127042 
73795 
73800 
4186 
4190 
200817 
200825 
245922 
225445 
28837 
245927 
225449 
28842 
110764 
110765 
110766 
110767 
90288 
90297 
135377 
172282 
172283 
172284 
184573 
172285 
184574 
184575 
184576 
78153 
78163 
16734 
16736 
16738 
16742 
70027 
70033 
12734 
12737 
111065 
111067 
139755 
507 
197116 
518 
33290 
33294 
49681 
41493 
49686 
111142 
111146 
119345 
119347 
123445 
25145 
123451 
25148 
197183 
197184 
4674 
4676 
4680 
49737 
4685 
62031 
62032 
62036 
62038 
66140 
66143 
119403 
156273 
119409 
119413 
156280 
86650 
57978 
57980 
57982 
86655 
57986 
234124 
234129 
99019 
99020 
99022 
99023 
62189 
62192 
78585 
78586 
78590 
78593 
103202 
103205 
238374 
238375 
238378 
238380 
238383 
238385 
238387 
238390 
238392 
238394 
238396 
238399 
238401 
238402 
238405 
238407 
238410 
238412 
238414 
238417 
234328 
33642 
33649 
115577 
115580 
70557 
70558 
70562 
66467 
70565 
66469 
177070 
172974 
172975 
66479 
177074 
66482 
172984 
46019 
46022 
70646 
70649 
87060 
136216 
87066 
87068 
136221 
87088 
87092 
111672 
111674 
111675 
111677 
99396 
99402 
132178 
132179 
250965 
132181 
132182 
156761 
156764 
250973 
181349 
181352 
115822 
115826 
91256 
91259 
33930 
33940 
38059 
38064 
42183 
42194 
189653 
181463 
189656 
181465 
95469 
95476 
115974 
115976 
115979 
115983 
124186 
124187 
124188 
124189 
124191 
124193 
124194 
124196 
177487 
177488 
177490 
177491 
189800 
189803 
165228 
165229 
165233 
165235 
152948 
161142 
152950 
161148 
128385 
128387 
128390 
128394 
30117 
30128 
120243 
120244 
120248 
120249 
128456 
128459 
255459 
255460 
255464 
255467 
50670 
189944 
189947 
124422 
124424 
124427 
173582 
124430 
173584 
46631 
46634 
173613 
173615 
173617 
173620 
87608 
124474 
87612 
255549 
124478 
255556 
13932 
13940 
210557 
210558 
30339 
30341 
30344 
30347 
108199 
108203 
247469 
247471 
18098 
18100 
67319 
67321 
26367 
165635 
165637 
83733 
83742 
42789 
247598 
42799 
247600 
157533 
157534 
157538 
157539 
10102 
10103 
10106 
59259 
10107 
59266 
202634 
202638 
202649 
51097 
202651 
202659 
239525 
239527 
202667 
202673 
202677 
202688 
202691 
202703 
202705 
202713 
194522 
194526 
202723 
247801 
104441 
247805 
104445 
92163 
92171 
247846 
247850 
88115 
88117 
129079 
129084 
247879 
247882 
63584 
63585 
30865 
30869 
243864 
243865 
243870 
55456 
55460 
55466 
55468 
149682 
149684 
166071 
161975 
149687 
161976 
182457 
166073 
166074 
149690 
182459 
166076 
182461 
182464 
84168 
84174 
170197 
170198 
170199 
170200 
133340 
133342 
186642 
186644 
186646 
186649 
178485 
178486 
178489 
178491 
26954 
26958 
141660 
141670 
194928 
248178 
248183 
248185 
194937 
96633 
248188 
248190 
96641 
248195 
248197 
248200 
117129 
248202 
117131 
117132 
117134 
248207 
113079 
190905 
10684 
154048 
113088 
190913 
154049 
154052 
154053 
109008 
100821 
109017 
100832 
88565 
88566 
195088 
195092 
141848 
141851 
256564 
256567 
191032 
191033 
191034 
191035 
6720 
141891 
129606 
6729 
141899 
92747 
129612 
92750 
174686 
174689 
47713 
47717 
125562 
125564 
125566 
125569 
60058 
60059 
60063 
158368 
60064 
158373 
195238 
195241 
15048 
88779 
88785 
15057 
23253 
23261 
64264 
64268 
117539 
117540 
113454 
113456 
113459 
113462 
23374 
146259 
23379 
146261 
146263 
146267 
256873 
256877 
113525 
113529 
101245 
101249 
109442 
109446 
244626 
244627 
183198 
183199 
183203 
27556 
27557 
183206 
27559 
27560 
39853 
39857 
39858 
39864 
39866 
39867 
39870 
138194 
27602 
138197 
27606 
93164 
93167 
76797 
76805 
150535 
150539 
183318 
183319 
183324 
183326 
125990 
125994 
85037 
85039 
187440 
187442 
187444 
199735 
187447 
166967 
166969 
101438 
101441 
64586 
64589 
85083 
52317 
97377 
52325 
97384 
23679 
236676 
23687 
19604 
167070 
167072 
167073 
167075 
40169 
40170 
208137 
208147 
85287 
85292 
7473 
85306 
7484 
85310 
101712 
134484 
134486 
134487 
134489 
101721 
32149 
32155 
134621 
134623 
28128 
28136 
110073 
110075 
110077 
110080 
167439 
167447 
159270 
159276 
44592 
44593 
44597 
44600 
167537 
167538 
3708 
118402 
3717 
118407 
126611 
126613 
110233 
110234 
110237 
138910 
110238 
138915 
192174 
192176 
192177 
192179 
257726 
118481 
118483 
85763 
85765 
122653 
122654 
122656 
122657 
53026 
118566 
118567 
53032 
118571 
118572 
114478 
147248 
114481 
147250 
220997 
221000 
24406 
24407 
98173 
98178 
8066 
8070 
24464 
24467 
204692 
204694 
212890 
212897 
57252 
57254 
57256 
57260 
212920 
147389 
147391 
212930 
212940 
8143 
8147 
)

// ************************************************************************* //
