/*--------------------------------*- C++ -*----------------------------------*\
  =========                 |
  \\      /  F ield         | OpenFOAM: The Open Source CFD Toolbox
   \\    /   O peration     | Website:  https://openfoam.org
    \\  /    A nd           | Version:  8
     \\/     M anipulation  |
\*---------------------------------------------------------------------------*/
FoamFile
{
    version     2.0;
    format      ascii;
    class       faceSet;
    location    "constant/polyMesh/sets";
    object      nonOrthoFaces;
}
// * * * * * * * * * * * * * * * * * * * * * * * * * * * * * * * * * * * * * //


1600
(
147465 
147473 
548889 
409625 
548890 
409627 
548896 
548899 
548910 
548912 
548913 
548915 
335935 
335939 
475217 
475218 
475220 
114775 
114776 
737369 
114777 
114778 
229470 
163956 
163964 
376977 
524435 
376979 
524437 
376981 
376985 
385179 
90271 
385184 
90277 
114858 
319667 
319668 
114868 
622775 
622779 
622780 
65724 
65732 
319688 
319690 
221403 
98524 
98525 
32990 
98528 
98529 
32993 
221411 
131329 
229635 
229636 
131334 
229641 
229644 
49434 
164144 
164148 
426294 
57662 
426304 
573767 
573770 
639328 
639329 
639331 
639332 
606577 
156017 
606582 
483702 
483710 
606597 
606603 
270742 
270746 
418207 
418208 
418211 
418212 
205245 
410047 
205247 
623040 
205250 
410052 
205255 
623048 
377309 
377312 
393709 
205293 
393713 
205301 
614925 
614931 
377376 
377385 
8754 
418358 
418361 
426589 
426594 
426596 
737906 
737907 
311938 
311939 
311941 
639622 
311942 
639623 
639624 
148104 
639625 
148109 
148112 
90776 
90780 
197323 
197324 
197325 
197326 
221911 
533212 
221916 
303838 
303839 
533216 
303840 
303841 
254696 
164587 
254700 
516846 
516847 
164591 
516851 
516854 
189175 
328441 
328442 
328444 
189180 
328445 
246531 
246533 
246537 
303884 
246542 
303887 
287518 
287523 
508725 
205622 
41782 
41783 
205624 
41785 
41786 
508732 
838 
254817 
213857 
213858 
254825 
271269 
271277 
238515 
238516 
304054 
238520 
304058 
238523 
9157 
451542 
451550 
263136 
263138 
263139 
263141 
33787 
33788 
33792 
33793 
279556 
623622 
623623 
279559 
730120 
279560 
730123 
623628 
263180 
263182 
623631 
91184 
91188 
328770 
328772 
328776 
328780 
509006 
509008 
599122 
599123 
599125 
156757 
599126 
140381 
140382 
287860 
287863 
9362 
9365 
173219 
173221 
591019 
730284 
591024 
189617 
189618 
730292 
17607 
17617 
222420 
222421 
222424 
222425 
181466 
181485 
255214 
255218 
181491 
517373 
517377 
17671 
17675 
58642 
58645 
42301 
42307 
116043 
116051 
648539 
648541 
370034 
337266 
370037 
337276 
673167 
673169 
673171 
17813 
673174 
17816 
148895 
148897 
542131 
542135 
419268 
419270 
198086 
419272 
419275 
263632 
263637 
542179 
542184 
230892 
288237 
288239 
607731 
288243 
230900 
607733 
288248 
26104 
607737 
173564 
607741 
173566 
26110 
230919 
599560 
452131 
452135 
525885 
525887 
525890 
525893 
222798 
222799 
222804 
575063 
222808 
575065 
640608 
640609 
640613 
640616 
50796 
34417 
34418 
34420 
26228 
50805 
34421 
26232 
378494 
378496 
263812 
263813 
263816 
263817 
198283 
198287 
689815 
689819 
198306 
198314 
427702 
427703 
427704 
427705 
149201 
173778 
149202 
173779 
648916 
648917 
648918 
648919 
173784 
173786 
296676 
296677 
296680 
296681 
476913 
476915 
476916 
476918 
739075 
739079 
509724 
509726 
509727 
509729 
100134 
100145 
419637 
198461 
419647 
198464 
747330 
747331 
747334 
747335 
542546 
542548 
444307 
444310 
337838 
337840 
468922 
468926 
362439 
198601 
198605 
452560 
452561 
411602 
321490 
452563 
321491 
452564 
411605 
321494 
321495 
296933 
296935 
34791 
34792 
34796 
34799 
378876 
116734 
116739 
567316 
567317 
567318 
231446 
567319 
231448 
469065 
59465 
469067 
469068 
59468 
469070 
329811 
329813 
616541 
288861 
329822 
288862 
616543 
288867 
288869 
280683 
280685 
280686 
280688 
501873 
501875 
501876 
501878 
608409 
608417 
567482 
567483 
379122 
379124 
157940 
379126 
157943 
379130 
239868 
108798 
510207 
510212 
239877 
108806 
313612 
313613 
313616 
313617 
420115 
420119 
420122 
289057 
674082 
289060 
674087 
592169 
592172 
534836 
534839 
641340 
354624 
641347 
354630 
223559 
379208 
223565 
297309 
616801 
616805 
641387 
510325 
510326 
125302 
125303 
510329 
510330 
125306 
125307 
239998 
239999 
182656 
240002 
240003 
84355 
84356 
59780 
190853 
190855 
59783 
84360 
84361 
412042 
412046 
125346 
412071 
412073 
125354 
412079 
518585 
518587 
248257 
248262 
403926 
313814 
403928 
313816 
403930 
403933 
18909 
387553 
387556 
387557 
18918 
371175 
371176 
371180 
371183 
469494 
584183 
584185 
469501 
330263 
330264 
43548 
43550 
43553 
43556 
338490 
444987 
444989 
444992 
338498 
166486 
191109 
191110 
191114 
191117 
158361 
158362 
158367 
158370 
133857 
133859 
133863 
133868 
289531 
133885 
289536 
133891 
404236 
625424 
404240 
625426 
35607 
35615 
469812 
469820 
166726 
166730 
2893 
2899 
469862 
469865 
428937 
428939 
428942 
76686 
428945 
183186 
76693 
183194 
650139 
650144 
289698 
289703 
289706 
740293 
740296 
592885 
592890 
224254 
592907 
592909 
609295 
609299 
486465 
486473 
207977 
207978 
584811 
453744 
527474 
453746 
289906 
584819 
453747 
527476 
453749 
339061 
289910 
339066 
371847 
396429 
396430 
371855 
396433 
396435 
740539 
740542 
199870 
560320 
560321 
199874 
560323 
560324 
27862 
27863 
27866 
27867 
290013 
421086 
503010 
421090 
503011 
421093 
150757 
503017 
150761 
503021 
3310 
3315 
273667 
281863 
273672 
281867 
167179 
437516 
167183 
36143 
27951 
159024 
36147 
159029 
429367 
27962 
429373 
191805 
191807 
191808 
191811 
314710 
314713 
372060 
470370 
372069 
470377 
380268 
650607 
650609 
650610 
380275 
650612 
44410 
44411 
44413 
44414 
650626 
650630 
634255 
634256 
44432 
44434 
634259 
241043 
241047 
552344 
552347 
593320 
593321 
593323 
593324 
298412 
388525 
298413 
134574 
388530 
134582 
339398 
339401 
249302 
249304 
323040 
191983 
191984 
191986 
191987 
159255 
585245 
585246 
626208 
159264 
626210 
626213 
626216 
478788 
478794 
642640 
642645 
405079 
405080 
405081 
405082 
642654 
527973 
290407 
642664 
527979 
290412 
659053 
527981 
659054 
659055 
642671 
659056 
642674 
568992 
568994 
568995 
568997 
110253 
110260 
167607 
167616 
462533 
462535 
233168 
233171 
413399 
413403 
159459 
339686 
511719 
339688 
306922 
159467 
306925 
511727 
651027 
642836 
36628 
651029 
36629 
642838 
651032 
208664 
36632 
36633 
651035 
577308 
208668 
347933 
347935 
642848 
642851 
577316 
159557 
159560 
446292 
683862 
683867 
446300 
36702 
36712 
462699 
462705 
3962 
479101 
3966 
69504 
479105 
69505 
380805 
208774 
69510 
380807 
626568 
380808 
626569 
208778 
380811 
28555 
626573 
626574 
577422 
577423 
28559 
577427 
577428 
266135 
61336 
552858 
266138 
61340 
495521 
552866 
495522 
331693 
331694 
331696 
331697 
53182 
53188 
683974 
683977 
110548 
528353 
528354 
266212 
266215 
520192 
520197 
135174 
135183 
118806 
118807 
536605 
118813 
536606 
118816 
45088 
536609 
536610 
45094 
159823 
159828 
168034 
282726 
168038 
282727 
528489 
192617 
528491 
192619 
282732 
528493 
282734 
528495 
274556 
274558 
356506 
356507 
356508 
356509 
635039 
635043 
348324 
118953 
348332 
118960 
12474 
94403 
12483 
94406 
209100 
110796 
209101 
209105 
209108 
110804 
200943 
94447 
94451 
61688 
200953 
282875 
61691 
282876 
364800 
741637 
741641 
364810 
626961 
626966 
53527 
127257 
53532 
127265 
528689 
520498 
528691 
520499 
520502 
520503 
127293 
127299 
241989 
241991 
241992 
241994 
364878 
364879 
364883 
364885 
307546 
307550 
12644 
78183 
733551 
78191 
733559 
86396 
86399 
168345 
168347 
168350 
168353 
577955 
577956 
168375 
168383 
193005 
356877 
569874 
356885 
569882 
528925 
528926 
528929 
528930 
217654 
217655 
217657 
217658 
45658 
45663 
86631 
86632 
86635 
561772 
561773 
86637 
561776 
561777 
45681 
627315 
45692 
627325 
86656 
86657 
86658 
86659 
86679 
86687 
275110 
275116 
103122 
103124 
103128 
103133 
578273 
578275 
217829 
217833 
619290 
619292 
619293 
619295 
135977 
95019 
135980 
471853 
471854 
471857 
471858 
95029 
70467 
398150 
570184 
570185 
398153 
570186 
168778 
570187 
70475 
168782 
357207 
357209 
357210 
357212 
365406 
357214 
365408 
357217 
365410 
365413 
447364 
45961 
447370 
45962 
45964 
45965 
95124 
95132 
619426 
619427 
619429 
250789 
619430 
250790 
250794 
250795 
209839 
152497 
209843 
152502 
152545 
152549 
455681 
455684 
37924 
242726 
242729 
62550 
62558 
193696 
193700 
382120 
382121 
382123 
382124 
324785 
324788 
644333 
644335 
95485 
95486 
95488 
95489 
5404 
570655 
570656 
5410 
570659 
242979 
570660 
242987 
562480 
562481 
562483 
562484 
677175 
677180 
251198 
734527 
251200 
734530 
431443 
431444 
431446 
431447 
324978 
324980 
324982 
324984 
226699 
226700 
226702 
226703 
480665 
480666 
611741 
611742 
677287 
603559 
677288 
603560 
677289 
603561 
677290 
603562 
431535 
431540 
554424 
554426 
554427 
554430 
54719 
54722 
644558 
652752 
644560 
652753 
366033 
366034 
62931 
652759 
366040 
652762 
62938 
366043 
628215 
628216 
628221 
628224 
218657 
341539 
218659 
341543 
570922 
570923 
570924 
251436 
570925 
251444 
276040 
276043 
521809 
521814 
357977 
357978 
104034 
398962 
480887 
398967 
480889 
611993 
611995 
54939 
79520 
79523 
243364 
341669 
54950 
341671 
13991 
243368 
13995 
22216 
22221 
726741 
726743 
63192 
726745 
587482 
726747 
587487 
63201 
292581 
292583 
292585 
292589 
161531 
161534 
644900 
644901 
554811 
554812 
554815 
554817 
169797 
169798 
169803 
169807 
251729 
251731 
128851 
128855 
554842 
554843 
554845 
554846 
284523 
87915 
87917 
87918 
300911 
87920 
284529 
300914 
284533 
169847 
366457 
169849 
210811 
612221 
366461 
210814 
612223 
153479 
153480 
284562 
284569 
399276 
399281 
284605 
505791 
284608 
505797 
391110 
391112 
391113 
661463 
661465 
153576 
251885 
178159 
251888 
153585 
178163 
522253 
522254 
522255 
522256 
88097 
88099 
530489 
530491 
284731 
596086 
637047 
637048 
596089 
637053 
637055 
30852 
30859 
399510 
399515 
735390 
325791 
735396 
325799 
260286 
260287 
260291 
334032 
334041 
334056 
334057 
334060 
334061 
604420 
55558 
55559 
604424 
55562 
55563 
399630 
514323 
416019 
399636 
514325 
416021 
514326 
416023 
514328 
416026 
350490 
350492 
350493 
350496 
162084 
162092 
440649 
63819 
743759 
440655 
547152 
743762 
547154 
547156 
63828 
743765 
547159 
375133 
375137 
244088 
530812 
178558 
530817 
465282 
178562 
579974 
465288 
579977 
580005 
580011 
55725 
55726 
55729 
55731 
268726 
268727 
727481 
268729 
268730 
137665 
96705 
96707 
96709 
137670 
96713 
301548 
301554 
571902 
14847 
571904 
571905 
571908 
137737 
137743 
604689 
604691 
604694 
277015 
604697 
277019 
31267 
31272 
244266 
244267 
244270 
244271 
88629 
367165 
88637 
367166 
367169 
367170 
383566 
383571 
105097 
424589 
424591 
105103 
285332 
301717 
285334 
301722 
424616 
424618 
301741 
301745 
670395 
670397 
670398 
670400 
269002 
269006 
416476 
244444 
244445 
244448 
416481 
244449 
342755 
342756 
531186 
531192 
572157 
629506 
629507 
236291 
572165 
629510 
473862 
236294 
629511 
473863 
473866 
473867 
424716 
424724 
637724 
637726 
637785 
727899 
727906 
637794 
138082 
138086 
162687 
162692 
80773 
162695 
80778 
15265 
15271 
449458 
449462 
433081 
433082 
433084 
433085 
318420 
318422 
318424 
318427 
195558 
637935 
637943 
162821 
162823 
474122 
474123 
474125 
441456 
441462 
343164 
343165 
343169 
253057 
253058 
253059 
343172 
253060 
441517 
441518 
408751 
408752 
441521 
441522 
408755 
408756 
113855 
23743 
113859 
23748 
425166 
425167 
425171 
728276 
728277 
425174 
285913 
351450 
285919 
351456 
449775 
548085 
449781 
548093 
613653 
613659 
122139 
122141 
122144 
122147 
187712 
187715 
146777 
228699 
146780 
81246 
228707 
81254 
425320 
425323 
458099 
277877 
458102 
277878 
384378 
384380 
531838 
384383 
531842 
384386 
531846 
531848 
531849 
531851 
687512 
687514 
155045 
155049 
425423 
15823 
425425 
15828 
105972 
105973 
105977 
105979 
507392 
507394 
286217 
286220 
65044 
65045 
65047 
65048 
515622 
515623 
515626 
515628 
491073 
491075 
491078 
491082 
261711 
261719 
605788 
605789 
605790 
605791 
188020 
130676 
278133 
188021 
278134 
130678 
188023 
188024 
695929 
278139 
695932 
188029 
368255 
368258 
188034 
73363 
204436 
16020 
204437 
204440 
204441 
16029 
147110 
147112 
97973 
220882 
220883 
220884 
646875 
646883 
48874 
655086 
655087 
48880 
655092 
655094 
622345 
622346 
622347 
622348 
212754 
122643 
212756 
212759 
442136 
442138 
122651 
98084 
98086 
384817 
384820 
98108 
98110 
532297 
532298 
532299 
532300 
106324 
106327 
679780 
679781 
679782 
679783 
130920 
130928 
188303 
155535 
188307 
155544 
499623 
98215 
499625 
499626 
98219 
499628 
32692 
32698 
253884 
253886 
253888 
139200 
253892 
729059 
729061 
516070 
516071 
516072 
516073 
729070 
729073 
516081 
376818 
729075 
516083 
516086 
376823 
8183 
516089 
8186 
)

// ************************************************************************* //
