/*--------------------------------*- C++ -*----------------------------------*\
  =========                 |
  \\      /  F ield         | OpenFOAM: The Open Source CFD Toolbox
   \\    /   O peration     | Website:  https://openfoam.org
    \\  /    A nd           | Version:  8
     \\/     M anipulation  |
\*---------------------------------------------------------------------------*/
FoamFile
{
    version     2.0;
    format      ascii;
    class       faceSet;
    location    "constant/polyMesh/sets";
    object      nonOrthoFaces;
}
// * * * * * * * * * * * * * * * * * * * * * * * * * * * * * * * * * * * * * //


783
(
167971 
167972 
36 
167975 
233512 
167976 
233513 
233516 
98348 
233517 
98350 
45102 
47 
49203 
4147 
45108 
49205 
49207 
4152 
49211 
82002 
82010 
45152 
159853 
159859 
196743 
209049 
143519 
143520 
209059 
147670 
221404 
147676 
221409 
53531 
53533 
41285 
201030 
41289 
274785 
274792 
102760 
98669 
98670 
217456 
217461 
188790 
49533 
188798 
49535 
49538 
49542 
20878 
20879 
20882 
20883 
119192 
119194 
258487 
258490 
29115 
29117 
29119 
29121 
78277 
143824 
274897 
188882 
274900 
188884 
143829 
12766 
12767 
12770 
12771 
106980 
94692 
106981 
94694 
94696 
106986 
209388 
106988 
94700 
209390 
209392 
209396 
209401 
209402 
209403 
209404 
168450 
168458 
156192 
156193 
25123 
156198 
156200 
25128 
184878 
184879 
184882 
184883 
119349 
119350 
209464 
209465 
209467 
119355 
209468 
119359 
90725 
90728 
135809 
135812 
168600 
168602 
168604 
168608 
90820 
111328 
217826 
217827 
201443 
111332 
201445 
156422 
156424 
86821 
86822 
86823 
86824 
148271 
148273 
45892 
45896 
115529 
9035 
115532 
9036 
103248 
103259 
74607 
74609 
74612 
37750 
74615 
37755 
95100 
54142 
54147 
95108 
21398 
21401 
172983 
172985 
172987 
172990 
91102 
91103 
132064 
91105 
91106 
25570 
132068 
214017 
99330 
214019 
214020 
214022 
99340 
136226 
152612 
136228 
152613 
259148 
259149 
160858 
160859 
160861 
160862 
279678 
279679 
177282 
279683 
177284 
177286 
177290 
42185 
42188 
62671 
62672 
62674 
62675 
218335 
218336 
218339 
218340 
42223 
259315 
42227 
259316 
259317 
259318 
242940 
242948 
140588 
140591 
202033 
202034 
42291 
202037 
202038 
259392 
259397 
71013 
71021 
120175 
263553 
263555 
263557 
263560 
263562 
263563 
263566 
263568 
263571 
263572 
263575 
263577 
263581 
263582 
263584 
263585 
263590 
263591 
263593 
263594 
263598 
103855 
263600 
103856 
263602 
103859 
103860 
263605 
263607 
263609 
263611 
263614 
263616 
263618 
263620 
263623 
263625 
263627 
263629 
263631 
263634 
17874 
263635 
263639 
263641 
17884 
169441 
165345 
169442 
165347 
210404 
165348 
169445 
210406 
194022 
169446 
165350 
50662 
9702 
50667 
194028 
9708 
132603 
132605 
132606 
132608 
50709 
46619 
46621 
50718 
210472 
210476 
38493 
38503 
108141 
108143 
108146 
108150 
54932 
30359 
54936 
67225 
30361 
67230 
13993 
13998 
239293 
239297 
272068 
272072 
276180 
14037 
14042 
14043 
276188 
161506 
161507 
161509 
161510 
173799 
173805 
210673 
210678 
96003 
96005 
96007 
96011 
173866 
157489 
157490 
157494 
157495 
132945 
67412 
145237 
145238 
132950 
67415 
145241 
145242 
55134 
276323 
276325 
55142 
79722 
79733 
259987 
259988 
259989 
259990 
272293 
272297 
272302 
104368 
272306 
104373 
272316 
231361 
272322 
231362 
231363 
231364 
272326 
272329 
272334 
272340 
71649 
178149 
178151 
178152 
71657 
178154 
108560 
272404 
272407 
10264 
10265 
10267 
10268 
272413 
88095 
210976 
272417 
88097 
88100 
272422 
210982 
79910 
10278 
88104 
79913 
272426 
38997 
26709 
133208 
30808 
133211 
30811 
39005 
194655 
194656 
26720 
194661 
194663 
116844 
116849 
116851 
39027 
116852 
116853 
280694 
116854 
280696 
129145 
39035 
129149 
18558 
26757 
18566 
26759 
26761 
26765 
22669 
22675 
178343 
178344 
116911 
116912 
227505 
116913 
116914 
227513 
272589 
272595 
22764 
22766 
260335 
260336 
260337 
22769 
260338 
22773 
80126 
80128 
59672 
125211 
125212 
59676 
256285 
256286 
125217 
256290 
256291 
125219 
166191 
92464 
92465 
92467 
92468 
166198 
47414 
39222 
39224 
137530 
47418 
39228 
137535 
39232 
88392 
88402 
235863 
235865 
235866 
235868 
14708 
199063 
178584 
199066 
178586 
178587 
178589 
80298 
80304 
252351 
47554 
39366 
39367 
252360 
47560 
39371 
39372 
186842 
186844 
182760 
182761 
182764 
182766 
211450 
211456 
96786 
240147 
14868 
240149 
240150 
240152 
96793 
14876 
162333 
162334 
162339 
162341 
117289 
117290 
117293 
117294 
55855 
55856 
55858 
55859 
39478 
39481 
39482 
207422 
207424 
121426 
121427 
129620 
121430 
129623 
121431 
76405 
76406 
203383 
76407 
203384 
76408 
203386 
203387 
219822 
121518 
10928 
121524 
10932 
219832 
219839 
68287 
219842 
195268 
68292 
195269 
195270 
195271 
203476 
219863 
203480 
219866 
10976 
10979 
219876 
6885 
219885 
6893 
170734 
170735 
170736 
170737 
219893 
35574 
219896 
56059 
35582 
56063 
219908 
35588 
35590 
219911 
92937 
92945 
84780 
84782 
84784 
84788 
191289 
191296 
125771 
125773 
125774 
150353 
150354 
64356 
199527 
64365 
199535 
174962 
174964 
2955 
2964 
80791 
31639 
31644 
80832 
80840 
179170 
179171 
179173 
179174 
97286 
97288 
228382 
228386 
23587 
23592 
76841 
76843 
11359 
11363 
138343 
171114 
138346 
171116 
171117 
171119 
93297 
158835 
158841 
93306 
121993 
121994 
56459 
121996 
121997 
56463 
105662 
48318 
105664 
48320 
48323 
101572 
48326 
101576 
208090 
208094 
154896 
154903 
154921 
154922 
154923 
154924 
236859 
236861 
236862 
236864 
81231 
81239 
32123 
44414 
32126 
212351 
109952 
212354 
109954 
44418 
122250 
204175 
228753 
228754 
122258 
204181 
228758 
228760 
220572 
89500 
89503 
220580 
7592 
220586 
150955 
7595 
150956 
220589 
150957 
150958 
19899 
19900 
19904 
19906 
179653 
179654 
212423 
212424 
179657 
179658 
216524 
216527 
19921 
19926 
85500 
85502 
85504 
85508 
171540 
171545 
175660 
175661 
175663 
167471 
175664 
167473 
212540 
212544 
73297 
73298 
73300 
126552 
253530 
126558 
253540 
15988 
15991 
93845 
130711 
93848 
175769 
175770 
130715 
171723 
171724 
93903 
93904 
171729 
171731 
93909 
93911 
28397 
28400 
85749 
192249 
85755 
192255 
44815 
12048 
44819 
12056 
171807 
171813 
28461 
28471 
171835 
98107 
98111 
171841 
8046 
8054 
221068 
49036 
49037 
221071 
49040 
102289 
49041 
102290 
102292 
102293 
188332 
24492 
188335 
24501 
118711 
118717 
225237 
225239 
225242 
225247 
217065 
16362 
16363 
204781 
204782 
204783 
16367 
204784 
16370 
217075 
188410 
188415 
)

// ************************************************************************* //
