/*--------------------------------*- C++ -*----------------------------------*\
  =========                 |
  \\      /  F ield         | OpenFOAM: The Open Source CFD Toolbox
   \\    /   O peration     | Website:  https://openfoam.org
    \\  /    A nd           | Version:  8
     \\/     M anipulation  |
\*---------------------------------------------------------------------------*/
FoamFile
{
    version     2.0;
    format      ascii;
    class       faceSet;
    location    "constant/polyMesh/sets";
    object      nonOrthoFaces;
}
// * * * * * * * * * * * * * * * * * * * * * * * * * * * * * * * * * * * * * //


584
(
102452 
135222 
102454 
135224 
139322 
135226 
135228 
139325 
254022 
254030 
143450 
8293 
8298 
86136 
86145 
49297 
209099 
209102 
151767 
151769 
151772 
151775 
110830 
33008 
110835 
33011 
4350 
4358 
49415 
49417 
188688 
188697 
33056 
192809 
192812 
102716 
102718 
106853 
106857 
188792 
188796 
160132 
160135 
29074 
29078 
119216 
119219 
135723 
135731 
33337 
33343 
37445 
37448 
57934 
49742 
49743 
57938 
103003 
103008 
164494 
164495 
164496 
164497 
58007 
58009 
74407 
74408 
74410 
74411 
160429 
160430 
160432 
160433 
692 
696 
41676 
230096 
41684 
107223 
107230 
127714 
127715 
127716 
127717 
74541 
74543 
74544 
74546 
54072 
17238 
17243 
176994 
177000 
160625 
160627 
62325 
181113 
62331 
70590 
70599 
29672 
29675 
66545 
66546 
78837 
242685 
242686 
242690 
33828 
33837 
205896 
205902 
152668 
152669 
152671 
74847 
152672 
74853 
37999 
38000 
136305 
38001 
38002 
87190 
251032 
87194 
251036 
140456 
140458 
140459 
103596 
83116 
103598 
103599 
103601 
83121 
111794 
111797 
91317 
103614 
103616 
91328 
103617 
103619 
230629 
230634 
42223 
46322 
42227 
46324 
54527 
54528 
70924 
70925 
70928 
70929 
87341 
87344 
9523 
9527 
210236 
5436 
206142 
206144 
206146 
206149 
5447 
50514 
210259 
210266 
50524 
46436 
46438 
210284 
210294 
54660 
165258 
54668 
165263 
234897 
169361 
234898 
169363 
234901 
234903 
234906 
234908 
234910 
234913 
234915 
218532 
234917 
234919 
218537 
234922 
234924 
234925 
120237 
120239 
234928 
120240 
234930 
120242 
234933 
234935 
234936 
234939 
54722 
54726 
161243 
161245 
161246 
1513 
1518 
251425 
18015 
18017 
18020 
50790 
18024 
34409 
34412 
50798 
59020 
59021 
59024 
108182 
108184 
71348 
145077 
145079 
145080 
145082 
190151 
190153 
120536 
120538 
87783 
112369 
42737 
108274 
87794 
42740 
108277 
26358 
112375 
42748 
42753 
9991 
46859 
145164 
46861 
9997 
145166 
87824 
87825 
145170 
55060 
145175 
83739 
34587 
83747 
34597 
63280 
63286 
79688 
79690 
153424 
153425 
153427 
153428 
235361 
235363 
5999 
6003 
100212 
100214 
55158 
55160 
100218 
55163 
55166 
46978 
46982 
251801 
38816 
38819 
104378 
104381 
38849 
38850 
10191 
10193 
10196 
10201 
141274 
141275 
141276 
141277 
108584 
84009 
108586 
84010 
84015 
84017 
141365 
141367 
194631 
18503 
194633 
18505 
194634 
194636 
63567 
63568 
75859 
75860 
63572 
75861 
75862 
63575 
174216 
10376 
174217 
10380 
174222 
174224 
75933 
75940 
248031 
248038 
248041 
248044 
18670 
18674 
26872 
26873 
26876 
252177 
252178 
252182 
252185 
112928 
112930 
71985 
71987 
71990 
71993 
158013 
158014 
104767 
158018 
51522 
158020 
104773 
125258 
166241 
166244 
194917 
194920 
133506 
133511 
6552 
6554 
6556 
6558 
186793 
121257 
186794 
186797 
63917 
186798 
121262 
63920 
121265 
100787 
100789 
100790 
6608 
63968 
63972 
27112 
2552 
244217 
244219 
2555 
244226 
244228 
125449 
244234 
125450 
125452 
125453 
244238 
248400 
248404 
248406 
14970 
14981 
232084 
232089 
117419 
117422 
117443 
117446 
23250 
60115 
60118 
60119 
23256 
35555 
35557 
154343 
154345 
248637 
244546 
117571 
248644 
117572 
244550 
117575 
117576 
23375 
23379 
113505 
113506 
113510 
113511 
2919 
244585 
244589 
2927 
117618 
174963 
117620 
174965 
174966 
117623 
174968 
121722 
117626 
121727 
101251 
248729 
84894 
84902 
19384 
19385 
187322 
187325 
19389 
142301 
142304 
89059 
89064 
76788 
76799 
191491 
191494 
109602 
76838 
76840 
109610 
244786 
244789 
60481 
60485 
80976 
72785 
253013 
253015 
80984 
244839 
244844 
244846 
244849 
244852 
244855 
244857 
244862 
134287 
134288 
134290 
134291 
187541 
187544 
187556 
187559 
224425 
76977 
253111 
253114 
40141 
40144 
52482 
109903 
109907 
15710 
28025 
28027 
249220 
249223 
85391 
85393 
179612 
179613 
69035 
69038 
163248 
163249 
163254 
163256 
44472 
44481 
167393 
167394 
52713 
52721 
36344 
36348 
28157 
52735 
28159 
69189 
97863 
69191 
69194 
97868 
69197 
134773 
200324 
200326 
200336 
200338 
200348 
200351 
134815 
134819 
200360 
200364 
200373 
200382 
200388 
200396 
134863 
200400 
134864 
134866 
134867 
200410 
200417 
200420 
81654 
81656 
81659 
81662 
188162 
188165 
102150 
102156 
102159 
40745 
40748 
53055 
53056 
53060 
110418 
110427 
57222 
77704 
57224 
57226 
77708 
57228 
102340 
102344 
69589 
192473 
69594 
192475 
184298 
184300 
135158 
135160 
)

// ************************************************************************* //
