/*--------------------------------*- C++ -*----------------------------------*\
  =========                 |
  \\      /  F ield         | OpenFOAM: The Open Source CFD Toolbox
   \\    /   O peration     | Website:  https://openfoam.org
    \\  /    A nd           | Version:  8
     \\/     M anipulation  |
\*---------------------------------------------------------------------------*/
FoamFile
{
    version     2.0;
    format      ascii;
    class       faceSet;
    location    "constant/polyMesh/sets";
    object      nonOrthoFaces;
}
// * * * * * * * * * * * * * * * * * * * * * * * * * * * * * * * * * * * * * //


1059
(
344064 
344072 
81933 
81934 
81942 
106540 
106545 
254099 
254101 
417951 
417959 
196778 
417964 
82095 
417968 
82097 
82099 
155830 
82103 
327870 
327872 
229569 
327874 
327877 
229577 
172276 
172281 
8466 
74007 
74008 
8473 
74012 
74015 
155992 
155996 
131447 
131449 
213398 
213401 
139675 
139678 
82335 
82337 
82340 
82344 
213428 
82362 
205250 
82370 
205251 
90586 
90587 
90589 
90590 
90615 
123442 
123447 
25184 
25186 
57982 
57986 
180867 
180869 
180871 
180874 
74401 
74402 
74403 
74404 
189112 
279225 
189113 
279227 
189116 
279229 
189117 
279231 
66300 
66301 
66304 
66305 
238344 
238346 
238347 
238349 
361243 
361244 
361245 
361246 
197407 
799 
197411 
805 
148268 
148271 
172891 
172892 
172894 
172895 
17262 
17270 
410523 
410532 
320431 
320432 
320433 
320434 
418830 
99344 
99347 
271437 
271438 
91215 
271444 
271447 
91224 
156769 
156774 
115815 
115825 
279672 
279674 
279676 
279679 
66697 
418956 
66702 
418964 
33942 
33950 
189616 
222388 
189622 
222392 
427207 
427210 
74960 
222421 
222422 
222424 
222425 
25824 
25826 
25830 
25835 
369928 
369931 
255257 
156954 
156955 
255260 
304414 
156958 
304415 
156959 
304418 
304419 
320842 
320847 
165202 
165203 
165206 
165207 
83298 
83306 
99691 
99692 
99695 
99696 
271746 
271748 
271749 
271751 
173447 
173449 
42384 
42394 
296348 
296351 
17836 
17841 
230844 
337348 
337349 
230853 
337352 
58824 
337353 
58826 
58828 
58832 
353758 
353762 
214549 
214550 
214552 
214553 
222773 
222775 
124476 
124478 
124479 
304705 
124481 
304709 
345674 
345678 
239199 
239206 
362129 
362131 
255641 
362139 
255643 
362147 
427732 
427735 
108249 
108258 
26343 
26351 
141068 
141069 
26449 
26450 
26453 
26454 
403335 
403336 
403340 
206733 
403342 
206741 
141268 
239573 
141269 
239575 
141271 
165848 
141272 
165851 
141276 
133087 
133088 
133091 
141284 
133092 
59368 
59369 
59371 
59372 
141308 
141311 
182272 
182273 
182277 
182278 
43039 
92196 
43045 
92198 
92201 
92205 
256046 
256048 
370741 
75930 
75940 
157868 
157870 
247993 
247996 
116961 
116962 
116966 
116969 
428278 
428281 
313610 
313612 
133388 
133392 
100630 
100633 
117026 
117029 
223532 
223533 
198958 
198963 
313681 
158068 
158069 
158072 
158073 
330123 
330125 
330127 
330131 
149910 
149912 
149918 
240041 
92585 
92587 
240044 
321988 
321989 
321992 
321993 
403929 
403931 
403933 
403935 
403938 
403940 
166373 
403942 
166376 
403945 
403947 
403948 
272876 
272878 
403952 
403954 
51699 
403956 
403957 
297464 
403961 
297466 
51706 
403963 
403965 
403966 
403969 
403971 
403974 
403976 
403978 
403981 
403984 
403985 
403986 
403987 
403992 
403994 
403996 
403999 
313889 
404002 
313890 
404003 
404005 
404006 
281142 
281144 
281146 
281149 
51816 
51818 
51821 
51825 
207500 
207501 
51863 
51866 
117434 
117436 
133834 
133835 
133837 
133838 
281395 
281398 
150332 
150334 
60231 
60233 
60235 
60239 
379736 
379738 
199531 
117611 
199532 
199534 
199535 
117615 
174989 
174992 
125874 
125875 
125880 
125882 
150459 
150464 
216021 
76761 
76763 
216029 
76766 
76769 
420891 
420899 
224345 
224349 
60513 
339045 
60521 
93292 
339055 
93296 
85106 
85109 
85132 
85133 
85135 
85136 
224403 
224409 
109743 
208049 
208051 
109749 
85181 
85184 
281853 
281861 
126223 
126224 
126228 
126229 
118045 
118046 
118048 
118049 
183606 
183608 
183611 
257340 
224572 
224573 
224574 
183614 
224575 
257350 
134472 
331084 
331088 
134481 
44378 
44381 
175482 
175492 
150922 
150925 
429546 
429552 
347657 
347659 
101903 
101906 
28203 
28205 
28208 
28211 
159307 
159308 
159311 
159312 
101974 
101978 
298589 
298591 
323172 
323180 
298663 
298664 
298665 
298666 
208578 
282308 
282310 
69321 
208588 
118479 
208593 
69329 
118486 
208601 
36596 
36599 
44860 
44864 
372565 
323432 
397162 
397163 
323435 
290668 
397165 
397166 
290672 
110493 
110494 
110498 
110500 
102308 
102309 
85939 
85942 
364476 
126908 
126911 
364484 
45087 
45088 
233505 
45093 
45095 
233513 
4178 
4181 
233595 
233603 
86151 
233630 
233632 
225504 
86242 
86247 
282858 
282866 
135421 
135422 
135424 
135425 
127240 
127245 
160072 
160077 
201056 
201059 
135525 
135535 
340366 
340371 
332181 
332189 
143775 
143777 
143780 
143783 
135598 
135599 
176562 
135602 
135603 
184757 
184759 
176569 
102852 
102858 
12772 
37379 
37381 
315933 
315943 
176682 
176691 
348782 
184944 
184945 
348786 
184948 
184949 
152183 
152186 
250494 
250501 
234173 
234175 
217797 
217806 
226015 
226019 
291583 
291584 
291586 
291587 
414488 
414490 
414497 
414499 
13091 
13094 
414505 
135978 
414509 
135986 
217916 
217919 
70466 
4930 
283461 
70469 
4934 
13129 
70476 
283469 
13133 
70482 
209755 
209759 
414580 
414583 
226175 
226176 
168837 
168838 
168841 
168842 
13200 
13201 
13206 
13210 
160671 
160673 
160674 
160676 
414630 
414637 
414640 
414644 
414758 
13351 
414760 
37930 
13356 
37935 
414809 
414811 
414829 
414832 
193663 
193664 
193667 
193668 
160929 
160930 
160934 
160936 
234667 
234668 
234669 
234670 
103600 
242866 
103605 
242870 
324793 
324794 
324795 
324796 
357569 
357572 
357581 
357583 
13527 
357593 
13529 
357595 
13533 
275678 
275679 
13538 
357605 
87270 
357608 
87272 
87274 
275695 
357616 
357620 
275700 
357629 
226557 
357631 
226559 
226561 
226565 
234759 
234761 
234763 
234766 
29972 
29975 
152874 
152876 
152877 
283950 
283951 
152879 
283956 
283958 
103756 
103761 
357714 
292178 
292180 
357722 
357726 
357734 
415114 
415117 
275862 
275864 
275865 
275867 
292262 
210342 
210344 
292265 
210347 
366009 
366011 
366014 
366017 
136677 
136679 
136682 
136685 
300582 
218663 
218666 
226860 
300590 
226868 
185928 
185930 
185932 
185934 
145032 
292520 
292521 
259753 
259754 
259756 
259757 
153278 
54974 
153280 
54976 
333563 
333564 
120612 
120614 
63270 
120617 
120620 
63278 
22323 
227127 
227128 
227132 
22334 
227135 
325458 
325460 
325462 
341850 
325466 
309086 
309088 
333665 
333667 
22371 
341860 
22379 
55158 
55165 
317317 
317322 
350148 
350149 
14279 
350154 
14283 
350156 
276483 
317447 
276488 
317449 
178227 
178235 
153688 
153689 
153692 
153693 
342127 
342132 
301181 
104573 
301183 
104579 
161959 
284840 
121000 
121001 
284842 
161962 
121004 
121005 
235702 
194742 
194743 
235706 
194747 
194750 
153824 
153826 
129252 
129260 
80113 
80118 
260360 
260362 
30997 
31001 
162080 
162082 
317769 
342347 
342350 
227662 
317775 
227663 
227665 
227666 
194935 
194938 
22907 
22909 
219534 
219535 
219539 
219541 
211353 
211354 
424348 
211358 
211361 
14759 
14762 
113110 
113111 
113113 
113114 
293356 
293357 
293358 
293359 
186871 
63997 
195070 
195074 
64002 
252454 
252458 
6768 
6769 
6774 
6778 
203390 
203392 
252580 
252585 
178873 
178874 
178876 
178877 
23274 
23282 
80633 
80636 
56071 
56072 
72458 
56075 
113420 
56076 
72461 
113423 
351018 
351026 
244530 
244532 
244535 
244538 
301888 
301891 
269159 
269161 
64387 
64391 
39854 
39858 
39863 
326598 
170950 
146375 
326600 
326601 
170954 
146378 
326603 
31696 
31697 
31699 
31700 
138211 
138212 
138213 
138214 
220167 
220169 
220171 
220174 
195601 
195605 
179225 
171033 
179229 
171044 
64562 
64564 
351293 
351295 
212112 
212119 
97440 
97448 
105661 
105662 
105665 
105666 
146634 
146640 
384234 
384236 
384237 
285934 
384239 
261359 
261361 
285938 
220410 
220412 
220414 
220416 
89375 
89379 
7464 
335149 
335150 
335151 
7471 
335152 
245050 
245054 
253248 
253250 
253252 
253256 
236895 
236897 
236899 
236903 
327022 
48495 
48497 
327027 
48499 
48503 
367993 
367998 
7555 
236935 
7559 
236936 
236938 
138634 
138635 
138637 
138638 
417203 
417204 
89542 
89547 
89554 
89558 
15832 
269798 
269800 
155128 
155129 
155130 
155131 
196117 
196121 
220698 
220704 
196166 
196169 
106060 
106061 
106063 
106064 
237154 
237155 
237157 
237158 
48854 
155365 
335592 
155369 
335597 
425727 
425729 
425731 
425733 
253710 
253716 
179992 
179997 
24369 
24379 
188292 
188293 
188299 
122764 
286605 
122765 
188302 
81806 
122767 
122768 
81808 
286613 
24513 
24514 
81861 
24519 
81866 
24522 
204770 
204771 
)

// ************************************************************************* //
